A=[    1.3702   -0.8648   -2.7161
   -6.6624   -0.8892   -2.5931
    1.2409   -0.9623   -3.5607
    4.9349    0.7550    2.3967
    0.7580    0.4784    0.4184
   -1.3353    0.3174    0.3867
   -2.8546   -1.1333   -3.3736
   -3.6654   -0.1874   -0.3976
    1.3184    1.1725    2.2999
    3.3694    0.1090   -0.2075
   -1.8003    1.2591    3.2630
    0.6130    0.2037    0.0962
    0.2397   -0.8394   -2.0781
   -3.3349   -0.6697   -2.0190
   -2.6906    0.9056    2.4232
   -5.5984    0.0122   -1.3549
   -3.8411   -0.2256   -1.6518
   -6.2854   -0.8244   -2.6255
    1.8006    1.4734    3.9037
   -1.1527   -0.6407   -3.2354
   -4.2822   -0.7573   -2.3098
   -6.2610   -0.8150   -2.1544
    1.8962   -0.7228   -2.1286
   -3.8864   -0.5301   -1.6509
   -0.5996    1.4899    3.5340
   -0.4239    0.1519   -0.2238
   -2.1635   -0.2833   -1.7816
   -0.1684   -0.2023   -1.1733
    0.2001   -0.1655   -0.4985
   -4.1999    0.1556    0.2709
   -2.6322    1.0314    2.4620
   -3.7061    0.5407    1.6229
   -1.5709    0.6853    1.9319
    0.1584   -0.2636   -1.4159
    0.5533    0.5166    0.4355
    2.5929    0.7697    1.9115
    1.3448    0.1910   -0.0899
   -3.2080    0.5443    1.1657
    5.2439    1.1727    3.2501
   -0.9882    1.4970    3.9776
    2.6151    1.0377    2.9843
    2.4695    0.0939   -0.2093
   -0.6787    0.0913   -0.4790
    0.5083   -0.0029   -0.9640
    1.2227   -1.2240   -3.4492
   -0.1907    0.2932    0.0493
   -2.5899   -0.1517   -1.2121
    7.4365    1.3722    3.4617
    2.5011    1.2802    4.0968
    1.4508    0.7401    1.9706
    3.0944    0.3823    0.4054
    0.0043   -0.8766   -3.7958
    5.9777    1.6519    3.9915
    2.1210    1.0081    2.0162
    1.1389    0.3277    0.0055
   -2.5168   -0.3902   -1.9231
    0.0517   -0.4925   -2.7009
    1.8030    1.2620    3.9480
    0.3736    1.3035    4.1384
    1.6202    0.6565    1.8003
   -0.3019   -0.6931   -2.2318
    0.6490    0.6102    0.8058
    1.7372   -0.7013   -2.1330
   -0.8969    1.3548    3.3416
    0.6450   -0.6545   -2.8599
   -0.7323    0.0003   -1.1995
    1.2251    0.4086    0.1637
   -0.7087   -0.4915   -2.4671
   -0.9365   -0.5806   -1.9375
    2.0132    0.6087    1.7610
   -1.4178   -0.7571   -2.0155
    6.2272    1.2246    2.7770
    3.5830   -0.5497   -1.8988
    4.5174   -0.0446   -0.3712
   -2.5610    0.5723    1.4157
   -2.9549    0.4838    0.7122
   -0.5815    0.4407    0.3810
   -2.5656    1.3223    2.7882
    4.2188   -0.3346   -0.9688
   -4.0265    0.2662    1.1882
   -1.9377   -1.1579   -3.6465
    3.8465    0.0474   -0.2864
   -4.5548   -0.6601   -2.1913
   -1.9918   -0.3282   -1.8994
   -2.6890   -1.0880   -2.9361
    0.0284    1.5118    3.3320
   -0.2407   -0.4679   -1.5425
    7.1054    1.0046    3.0515
    2.1664    1.5797    4.3247
   -0.9517    0.2336   -0.3232
   -4.9403    0.0916   -0.0258
   -2.7403    0.4095    1.3040
   -1.9508    0.8914    2.2939
    4.9116    0.3574   -0.3535
   -0.0785   -1.1145   -3.7350
    2.7927   -0.1737   -0.3018
   -1.2657    0.5151    1.8089
    5.2632    1.7220    4.1130
   -1.7029   -1.0070   -3.8206
    5.1926    0.4578    1.0756
   -1.2919    0.7163    2.2769
   -3.2298    0.4799    1.8168
    4.3276    0.4814    0.8216
   -3.1809    0.0629   -0.6679
    1.9337    1.3429    3.5191
    0.7847    0.7076    1.5643
    3.0366    0.4285    0.1240
    3.1407    0.1088    0.7139
    6.5949    1.0951    3.1146
   -5.8174   -0.9409   -2.7672
    2.7360   -0.1672   -1.0285
   -3.4180    0.6949    1.0224
    4.1135   -0.2001   -0.3097
    2.6962   -0.4793   -2.0626
    1.3349    1.4408    3.5681
   -2.5769   -0.1746   -0.5446
   -3.2783   -0.9116   -3.3435
    6.4834    1.0900    3.0404
   -0.3878   -0.7432   -2.3706
    0.3113   -0.3013   -0.9911
    7.1604    1.3166    3.3097
   -1.5043   -0.8002   -3.6512
   -2.4657    1.3379    2.7505
   -2.1528    0.1889    0.5473
   -1.5495    1.3907    3.1365
    1.9751   -0.3686   -2.1621
   -4.2517    0.3486    0.2252
   -0.2029   -0.0065   -0.0141
    3.8576   -0.3566   -1.0269
   -0.6719    0.8656    2.5240
    7.2768    1.3504    3.7789
    0.8383   -0.7992   -2.3859
    1.5759    0.3110    0.0311
   -3.8842   -0.0426   -1.0001
    2.9722   -0.9943   -2.7505
    0.0480    0.8602    2.4475
   -4.5731   -0.5782   -1.9857
   -0.9494    0.8528    1.3921
    2.6399   -0.2125   -0.6247
    3.0022    1.1181    3.5073
   -1.3411    1.0871    2.7291
    3.2998   -0.1545   -1.3653
   -2.9383   -0.4033   -1.5564
    3.6435    0.0103    0.0171
    0.2893   -0.3438   -1.6265
   -0.9368   -0.9936   -3.6293
   -2.6133    0.3527    0.0774
    2.0490    0.4569    1.7353
   -6.3616   -0.6503   -3.1081
   -4.0315    0.5361    1.2510
    3.1173    0.4811    0.2357
    4.1346    0.4988    0.8676
    0.9814    0.8972    1.5600
   -3.5263    0.0693   -1.0484
   -0.3041    1.2424    3.6203
   -2.5026   -0.2824   -1.6930
   -3.5309   -0.9657   -3.4280
   -1.9915    0.9102    2.6991
   -3.7681    0.4589    0.4468
   -0.5057   -0.1763   -1.6537
    0.9524    1.4539    3.7971
    2.7314   -0.0554   -0.1967
    3.3592    0.2458    1.0166
   -1.5019    0.6183    1.9681
   -4.8746   -0.9742   -3.2214
   -1.9956   -0.6406   -2.4104
   -4.9383    0.1411    0.2719
    1.8028    0.5607    1.2049
   -0.6490    1.5893    3.7926
    0.0582    0.8913    2.1440
    3.8829    0.5941    1.0257
    4.9828    0.3080    0.1893
    3.1148   -0.5241   -1.7262
   -1.0473    0.7862    2.1967
   -3.4921    0.1611   -0.6669
   -1.8732   -0.3250   -1.5591
   -1.6102    0.1592    0.7700
    7.3078    1.3211    3.2549
   -4.8572   -0.1110   -1.5190
   -3.8999   -0.1278   -1.6310
    3.5733    0.9168    2.0990
   -3.2341   -0.2773   -0.8368
    4.4763    0.9870    2.4557
   -2.6736   -0.8044   -3.3892
   -1.1055    1.0779    2.6746
   -0.9453   -0.6686   -2.7337
   -1.1018    0.5247    0.5584
    3.0145   -0.0060   -1.0932
   -0.4590   -0.4840   -1.1699
   -1.4606    1.0361    3.0497
   -2.6442    0.9963    2.7626
   -4.8217   -0.4599   -1.5169
    0.7760   -0.7383   -2.5653
   -5.9440   -0.6993   -2.8332
    0.0154    0.9256    2.9151
    3.5604   -0.3158   -1.4707
   -4.3621   -0.4137   -1.2819
   -2.9798    0.1501    0.4133
   -3.7896    0.4350    1.2800
   -0.4117    0.2816    0.8732
    4.5322    0.8976    2.7541
   -3.6132    0.1951   -0.4576
   -6.8528   -1.0794   -3.0520
    4.1100    0.8766    1.3529
   -1.1802    0.1520    0.3946
   -0.5333   -0.4627   -1.2710
    1.7634    1.2055    3.5237
    1.6017    0.1001   -0.2002
   -5.7536   -0.4308   -2.2262
    5.5613    1.1863    2.7342
    5.7732    1.6944    3.9069
   -0.5068    0.4533    0.3384
    3.0645    1.5552    3.7803
    5.2870    0.3738    0.9838
   -0.5700    0.4830    0.9147
    4.3273   -0.0861   -0.4956
    3.2611    0.6259    2.0467
    2.6113   -0.2982   -0.6731
   -1.6583   -0.3703   -1.1701
   -4.2248   -0.3560   -1.7102
    4.6454    0.1740   -0.1034
    0.1327    0.7881    1.6205
    0.0433    1.3466    3.2137
   -3.6965    0.8518    1.5873
    4.8256    0.9044    2.7208
   -0.9983   -0.1379   -1.7220
    4.3133   -0.0667   -0.8640
   -2.3539   -0.7836   -3.4114
   -3.1741   -0.7946   -2.2048
   -5.5643   -0.6432   -2.3763
   -2.9429   -0.7026   -2.9089
    6.2952    1.1115    2.0684
    4.7898    1.3200    3.3762
    4.7649    1.2003    2.9130
   -2.5982    0.2276   -0.2523
    3.8685    0.4604    1.6135
    1.5213   -0.4159   -1.1179
    2.1099   -0.5248   -1.8170
   -0.7225   -0.6771   -2.5548
    6.2297    0.8490    1.8305
    0.1388   -0.1540   -0.1546
    2.4555    0.7635    2.2300
   -1.9548    0.1593    0.2102
   -0.1758    1.5219    3.2052
    2.0680    0.8912    1.5390
    0.3996    0.8364    1.5518
    2.9031    0.4273    0.2607
    2.9607    0.6450    0.7080
   -2.9026   -0.5687   -2.6585
   -0.3675    0.0556    0.2509
    5.0876    0.8666    1.2017
   -1.3760   -0.7529   -2.1968
    0.1821    1.0748    2.1048
    3.2796   -0.0465   -0.1531
    0.3693    1.6923    3.9463
    4.3787    0.5484    1.2758
   -0.6916    0.1129    0.0501
