function Q = qexample()
Q = [16.4749   -1.3650   16.7884
   14.0550  -10.5193    3.5922
   -3.5667   -1.0510   29.4442
    6.0461   14.0849    4.9212
   -8.8902    3.5357  -25.9262
   -7.8657    4.1431  -26.3084
    4.6327   -6.2306  -26.3899
    1.9420   -0.2418  -29.8543
   -0.0305   14.0581  -10.4631
    8.7604   -8.4579   21.0042
  -18.2813    5.1198   -6.5718
   -3.6285   12.6425   15.2003
  -12.5754  -11.6463   -1.2790
   -0.2277    0.2848  -29.9926
   -0.4064   -0.1726   29.9918
   -1.9821  -13.6920   11.8858
   14.2035   -5.7567  -17.7069
   15.2883    2.2826   18.7953
  -18.0726   -4.4050   -9.3538
   -2.6046    8.4104   24.5316
   13.4786   -9.9543    9.7409
   -1.2567   -9.1190   23.7449
   11.1388    7.2211  -20.3043
  -11.1652   -9.2557   16.6385
   -4.0638   -8.9776  -23.2476
   18.4125   -5.8458    0.7177
    9.8778  -10.9357  -14.2166
  -17.6488   -2.3698   13.2930
  -17.9684    1.4076  -12.8699
  -12.2360   -2.2037   23.3175
   -3.1426    2.5097  -29.1990
   -0.6721  -13.8480  -11.4852
    9.1724   10.4875   16.4544
   17.2476    5.4738  -10.5270
  -10.8154    2.5400  -24.7185
   19.1465    4.2015    2.1359
   -0.8712   -8.7661  -24.3087
    4.1753   -8.2987  -24.1929
  -13.0703   -9.0414  -13.7348
   -1.4197   -2.4204   29.5302
  -15.7022   -6.4821   13.3106
    4.0240    6.8779  -25.9682
   10.7321   -9.1406   17.5112
   -3.1836  -13.8726   10.3631
    0.6777   -0.1483  -29.9813
   17.9879   -1.3872   12.8173
  -19.6339    1.7317   -4.5445
    1.1824   12.6151  -16.1337
   -5.3637   10.4713  -19.9167
  -11.7062    9.0609  -16.2257
  -15.1965   -3.9198   17.8589
   -6.9747  -12.6266  -12.3621
    4.2222    1.0896   29.2428
  -14.6282    0.1330  -20.4564
   -0.4771    0.3258   29.9844
   -2.8781   -4.5531   28.2567
   12.7133    5.8175  -20.0241
  -15.2465   -1.9819   19.0070
    8.9430    4.8307   25.0341
   -2.4145   -4.3654  -28.4720
   18.9079   -3.9211   -5.8397
   -1.6112   -0.4412   29.8895
   -7.9042    5.3869  -25.3644
   -0.1613    8.6345   24.5300
    8.1833   -5.4373  -25.1211
   -1.0209   -3.8211   28.9699
   -1.5938   -2.9563  -29.3143
   10.8302   -9.8646   15.7114
   -1.6441    2.6683  -29.4183
  -14.8746    5.0577  -17.3165
   12.2762  -11.8418    0.0833
   -6.8808   -4.1721  -26.9044
    5.8672   -2.2388  -28.3284
  -17.3298    5.5767   -9.9941
  -18.6568   -5.2166   -2.8241
   10.5718   12.5453   -4.3589
   -0.2602    0.0812  -29.9970
    3.3589    1.5215  -29.4169
   14.8785   -7.6289   13.0046
    9.1024   -0.3103   26.7057
   17.3615   -5.8646    9.1777
    1.1750    3.8143  -28.9603
    4.8859  -14.2232   -6.0904
   15.6754    2.7950  -17.7733
    2.2830   12.0764  -17.4617
   -7.1037    0.8752  -27.9892
   -1.3239    1.7396   29.7313
   -9.8200   -4.5964   24.4646
  -17.0875    7.3350    5.2755
   -8.3993   -0.8891  -27.1681
   16.8014    5.9025  -11.2024
    9.3151   10.9939  -14.8762
  -10.4183    8.1494  -19.7518
   -5.9937   -1.1536   28.5280
   -2.1243    0.3740  -29.8209
    2.5665   -0.5263  -29.7333
    1.8952   -8.6047  -24.4081
   16.8954   -7.4672   -5.8895
    8.1296   13.6405    2.6536
   -1.4046   11.2849  -19.6512
   17.5229   -4.9202   10.5970
   -2.6680   -3.6521   28.8207
   -6.7759   -0.7989  -28.1806
   14.9918   -8.5424  -10.1200
  -17.3646   -5.1905  -10.6673
   11.2507    8.3152  -18.4020
   11.9663    4.8664   21.9793
   -9.4313    4.7797   24.6674
  -19.8852    1.3579    1.7115
   -4.6210  -11.0855  -18.9843
   -1.9940   -0.3894  -29.8404
   11.6928  -12.1622    0.8341
    1.4811   -1.1693  -29.8261
    0.4643   -0.1338  -29.9907
   -0.4951   -0.2527  -29.9865
    8.4494  -11.2860  -15.1616
   -1.6622   12.7403   15.6372
   -6.7268   -3.0112  -27.6029
  -13.1072   10.9632   -5.7170
    5.1727   -2.5270   28.5351
   -0.4670    1.2226   29.8920
    4.5271   -2.3872  -28.8287
   16.7023   -7.9800   -4.1959
   11.6242  -11.7010    6.9517
    4.1369    0.7425   29.3136
  -16.6541    0.0396  -16.6112
  -10.6715  -12.6080   -2.8142
    1.1058   11.9428   18.0756
  -12.6478   -0.0930   23.2388
   -6.0102  -10.8589   18.6295
   19.1903   -0.3465   -8.4213
    0.0116    0.3034   29.9939
  -10.7888    1.1619  -25.1536
    8.0022   -0.9168   27.4328
   15.3131    9.2951   -5.1764
    0.9407    2.5330  -29.5355
   -7.6443   -6.5986  -24.3794
    9.1656   12.0857  -11.2573
   -1.7669  -11.9752   17.8706
   -9.5015  -12.0101   10.9500
   16.9649   -5.6429   11.1831
   -2.3581  -11.7276   18.3669
   -0.0532    0.1207  -29.9989
   -1.4006  -14.9360    1.8022
    0.1029   -0.0221   29.9996
    2.1230   -9.5772  -22.8685
   12.2174   11.8556   -1.3906
   16.3565    2.6534   16.4280
   10.3075    1.1364   25.6083
  -16.3280   -1.1399  -17.1740
  -13.1714    9.2899   12.8237
   -4.5691    4.7179  -27.6404
   11.8530   -2.1848   23.7654
   -9.9842    3.2967   25.1443
    5.8464   -0.8671  -28.6372
   14.3079   -2.9894  -20.0908
    9.9249   -4.5221  -24.4248
    0.0176   -3.2271   29.2975
    7.1763    3.1703  -27.2750
   19.6238    2.8954    0.0615
    8.5286   13.5501    1.3860
  -14.7966    3.8549   18.6533
   -0.5291    0.8947   29.9361
   -0.0222    0.0317   29.9999
    6.1103  -12.3699   14.2808
    1.9917    3.1724  -29.1688
   -7.3643    6.2646  -24.9197
    6.3097    5.0246  -26.6353
  -15.4113    7.4474   11.9898
   -2.0368   -4.2284  -28.6208
  -15.4802    4.2467   16.9907
    2.3061    5.4490  -27.7356
   14.1332    6.9829   15.9851
   10.9350    9.2275  -17.0403
   -2.7000   13.3925   12.8905
    1.6514   -1.1725  -29.8055
   17.6491   -1.6930   13.6998
    2.4148   14.2586   -8.5817
  -11.7975    6.8147   20.0270
    6.8887   10.4446   18.8910
    0.2078    0.0081   29.9984
    2.6688    5.7660  -27.4042
  -17.1758   -7.6153    2.0644
   12.5810    8.8203  -15.2537
    4.2424    1.0231   29.2458
    0.6374    3.2100  -29.2894
    0.3202   -0.1682  -29.9943
    1.3290  -12.9556  -14.9878
  -11.7705    9.4332   15.2424
  -10.2799   10.4820  -14.9244
    0.2257   -1.8224   29.7759
    2.0422    1.4116  -29.7094
  -14.5456    0.7311  -20.5383
   -7.2395   -3.9928   26.8013
   -2.9049   -3.7093   28.7398
   -3.8931   -0.6531   29.3971
    0.5238   -0.2305  -29.9862
    0.8184   -8.5300  -24.6464
   -7.6724   -0.6065   27.6782
   -4.9982    0.9179  -28.9900
    7.0626  -11.7693  -15.2874
  -14.8522    7.2340   13.9410
   -8.2277    3.2341  -26.5678
    8.7271   -9.0660   19.9966
    3.7470    5.4834  -27.3521
  -10.4432   -7.0702   21.3228
   10.0176   -5.1012  -23.8771
    4.1032   -0.0349   29.3618
   -7.0632  -11.3872  -16.4036
  -10.4093   12.7659   -2.0810
    1.6412   -0.5019  -29.8820
   16.1622   -6.4971   11.9754
  -11.0110   -4.8057   23.1263
   18.1995   -3.3332  -10.5029
   -8.8030    7.6779   22.1324
  -11.6922  -12.0972    2.6534
  -13.5113    6.5529   17.8183
  -10.6807    5.8811   22.4716
  -10.0112   12.1486   -9.1727
    0.0293    0.2170   29.9968
    1.9060   -7.1602  -26.2059
   -2.3117  -11.4842  -18.9851
  -13.3066   -4.5767   20.4406
    7.7982    5.8872   24.9908
   10.5078   -1.4553   25.3594
  -12.0614   -5.8540   20.8709
  -15.7201   -1.0172  -18.4346
   -8.7526   11.7855  -13.1162
   11.2303    2.7829  -24.1920
    3.0605   -2.3955   29.2570
   -4.6327   -2.8754  -28.6119
   -0.4608   14.6875   -6.0527
   -1.4957   14.9503   -0.9601
    0.5917  -14.9899   -0.6509
  -11.4045   -7.5996   19.3995
   -1.9646    9.9621   22.2338
  -13.3126   -9.4646  -11.9554
    2.6775    3.9833  -28.6427
   -9.6534    6.0067  -23.3668
   -4.9872   -1.1542   28.9605
   -6.9437   -6.0639   25.3857
   -6.2909    5.4434   26.3141
   -9.6065  -12.7226   -6.7009
   -1.8711   -0.8352   29.8217
   15.4490   -7.1584   12.5707
   -0.3354    3.2828  -29.2684
  -17.3923    5.6765    9.5132
    7.6690   13.5825    5.4524
    6.2118   -2.1246  -28.1979
   -0.9497  -14.4488   -7.9312
    4.4691    2.3013  -28.8769
   -0.0195   -2.4983   29.5810
  -14.0773    4.1674  -19.6124
   18.6286    1.3079  -10.5996
    7.0832   11.4640   16.1686
   -8.0101    1.4365   27.3383
    3.1211   -0.2338  -29.6288
